Adjacency Matrix
0 1 1 0 1 1 
1 0 1 1 0 1 
1 1 0 1 1 1 
0 1 1 0 0 1 
1 0 1 0 0 1 
1 1 1 1 1 0 
Core Numbers
3 3 3 3 3 3 
================
Adjacency Matrix
0 1 1 0 0 1 
1 0 0 0 1 1 
1 0 0 1 1 0 
0 0 1 0 0 0 
0 1 1 0 0 0 
1 1 0 0 0 0 
Core Numbers
2 2 2 1 2 2 
================
Adjacency Matrix
0 0 1 0 0 1 0 
0 0 0 0 0 0 1 
1 0 0 1 1 1 0 
0 0 1 0 1 1 1 
0 0 1 1 0 1 1 
1 0 1 1 1 0 1 
0 1 0 1 1 1 0 
Core Numbers
2 1 3 3 3 3 3 
================
Adjacency Matrix
0 0 1 1 0 0 1 
0 0 1 1 1 1 1 
1 1 0 1 1 1 1 
1 1 1 0 1 1 1 
0 1 1 1 0 1 1 
0 1 1 1 1 0 1 
1 1 1 1 1 1 0 
Core Numbers
3 5 5 5 5 5 5 
================
Adjacency Matrix
0 0 1 0 0 1 1 1 
0 0 1 0 1 1 1 1 
1 1 0 0 0 1 1 0 
0 0 0 0 1 0 0 0 
0 1 0 1 0 1 1 1 
1 1 1 0 1 0 0 1 
1 1 1 0 1 0 0 0 
1 1 0 0 1 1 0 0 
Core Numbers
4 4 4 1 4 4 4 4 
================
Adjacency Matrix
0 1 1 1 0 0 0 0 
1 0 1 1 1 1 0 1 
1 1 0 1 0 1 1 0 
1 1 1 0 0 1 1 1 
0 1 0 0 0 0 1 1 
0 1 1 1 0 0 1 0 
0 0 1 1 1 1 0 0 
0 1 0 1 1 0 0 0 
Core Numbers
3 3 3 3 3 3 3 3 
================
Adjacency Matrix
0 1 1 1 1 1 1 1 1 
1 0 0 0 0 1 1 1 0 
1 0 0 1 0 1 1 0 1 
1 0 1 0 1 1 1 0 0 
1 0 0 1 0 1 1 1 1 
1 1 1 1 1 0 1 1 1 
1 1 1 1 1 1 0 1 1 
1 1 0 0 1 1 1 0 0 
1 0 1 0 1 1 1 0 0 
Core Numbers
5 4 5 5 5 5 5 4 5 
================
Adjacency Matrix
0 1 1 1 1 1 1 0 0 
1 0 1 1 1 1 1 0 1 
1 1 0 0 1 1 1 1 1 
1 1 0 0 1 1 1 0 1 
1 1 1 1 0 1 1 0 1 
1 1 1 1 1 0 1 1 1 
1 1 1 1 1 1 0 0 1 
0 0 1 0 0 1 0 0 0 
0 1 1 1 1 1 1 0 0 
Core Numbers
6 6 6 6 6 6 6 2 6 
================
Adjacency Matrix
0 0 1 1 0 0 1 0 1 1 
0 0 0 1 1 0 1 0 0 0 
1 0 0 1 0 1 0 0 0 1 
1 1 1 0 0 1 0 1 1 1 
0 1 0 0 0 0 1 0 0 0 
0 0 1 1 0 0 0 0 1 1 
1 1 0 0 1 0 0 1 0 0 
0 0 0 1 0 0 1 0 0 0 
1 0 0 1 0 1 0 0 0 0 
1 0 1 1 0 1 0 0 0 0 
Core Numbers
3 2 3 3 2 3 2 2 3 3 
================
Adjacency Matrix
0 0 1 1 1 0 0 1 1 1 
0 0 1 1 1 1 1 0 1 0 
1 1 0 0 0 1 0 1 0 0 
1 1 0 0 1 1 1 0 0 1 
1 1 0 1 0 0 0 1 0 1 
0 1 1 1 0 0 0 1 1 1 
0 1 0 1 0 0 0 1 0 1 
1 0 1 0 1 1 1 0 0 1 
1 1 0 0 0 1 0 0 0 1 
1 0 0 1 1 1 1 1 1 0 
Core Numbers
4 4 4 4 4 4 4 4 4 4 
================
Adjacency Matrix
0 1 1 1 1 1 1 1 1 1 
1 0 0 1 1 1 1 1 1 1 
1 0 0 1 1 1 1 1 1 0 
1 1 1 0 1 1 1 1 1 1 
1 1 1 1 0 1 1 1 1 1 
1 1 1 1 1 0 1 0 0 1 
1 1 1 1 1 1 0 1 1 1 
1 1 1 1 1 0 1 0 0 1 
1 1 1 1 1 0 1 0 0 1 
1 1 0 1 1 1 1 1 1 0 
Core Numbers
7 7 7 7 7 7 7 7 7 7 
================
Adjacency Matrix
0 1 0 1 1 1 1 1 1 1 1 
1 0 0 1 1 1 1 1 1 1 1 
0 0 0 1 1 0 0 1 1 1 1 
1 1 1 0 1 1 0 1 1 1 1 
1 1 1 1 0 1 1 1 1 1 1 
1 1 0 1 1 0 1 1 1 1 1 
1 1 0 0 1 1 0 1 1 1 1 
1 1 1 1 1 1 1 0 1 1 1 
1 1 1 1 1 1 1 1 0 1 1 
1 1 1 1 1 1 1 1 1 0 1 
1 1 1 1 1 1 1 1 1 1 0 
Core Numbers
8 8 6 8 8 8 8 8 8 8 8 
================
Adjacency Matrix
0 0 1 0 1 0 1 0 0 1 1 
0 0 0 0 1 0 1 0 0 1 0 
1 0 0 0 1 0 1 1 1 1 0 
0 0 0 0 0 0 1 1 1 1 1 
1 1 1 0 0 0 1 1 1 1 1 
0 0 0 0 0 0 0 1 0 0 1 
1 1 1 1 1 0 0 0 0 0 1 
0 0 1 1 1 1 0 0 0 0 0 
0 0 1 1 1 0 0 0 0 1 1 
1 1 1 1 1 0 0 0 1 0 0 
1 0 0 1 1 1 1 0 1 0 0 
Core Numbers
4 3 4 4 4 2 4 3 4 4 4 
================
Adjacency Matrix
0 1 0 0 0 0 0 0 1 0 1 
1 0 0 0 0 0 0 0 0 0 0 
0 0 0 1 1 0 0 0 1 0 0 
0 0 1 0 1 0 1 1 0 1 1 
0 0 1 1 0 1 1 1 1 0 1 
0 0 0 0 1 0 0 0 0 0 0 
0 0 0 1 1 0 0 1 0 0 0 
0 0 0 1 1 0 1 0 1 1 0 
1 0 1 0 1 0 0 1 0 0 0 
0 0 0 1 0 0 0 1 0 0 1 
1 0 0 1 1 0 0 0 0 1 0 
Core Numbers
2 1 3 3 3 1 3 3 3 3 3 
================
Adjacency Matrix
0 0 1 1 1 1 0 0 1 0 0 0 
0 0 1 0 0 0 0 0 0 1 1 1 
1 1 0 1 0 1 1 1 1 0 1 0 
1 0 1 0 0 0 1 1 1 1 0 1 
1 0 0 0 0 0 1 0 0 0 0 1 
1 0 1 0 0 0 1 1 0 0 1 1 
0 0 1 1 1 1 0 1 1 0 1 1 
0 0 1 1 0 1 1 0 1 0 0 1 
1 0 1 1 0 0 1 1 0 0 1 0 
0 1 0 1 0 0 0 0 0 0 0 0 
0 1 1 0 0 1 1 0 1 0 0 1 
0 1 0 1 1 1 1 1 0 0 1 0 
Core Numbers
4 3 5 5 3 5 5 5 5 2 5 5 
================
Adjacency Matrix
0 1 1 1 1 0 1 1 1 1 1 0 
1 0 1 1 1 1 1 0 1 1 1 1 
1 1 0 1 1 0 0 1 1 0 0 1 
1 1 1 0 1 0 1 1 0 1 1 0 
1 1 1 1 0 0 1 0 0 0 1 0 
0 1 0 0 0 0 1 1 1 0 1 0 
1 1 0 1 1 1 0 0 1 1 1 1 
1 0 1 1 0 1 0 0 0 0 0 1 
1 1 1 0 0 1 1 0 0 1 1 0 
1 1 0 1 0 0 1 0 1 0 0 0 
1 1 0 1 1 1 1 0 1 0 0 1 
0 1 1 0 0 0 1 1 0 0 1 0 
Core Numbers
5 5 5 5 5 5 5 5 5 5 5 5 
================
